exc7-1 { { 0 1 0 0 0 0 0  } { -1 0 1 0 0 0 0 } { 0 -1 0 -1 1 0 -1 } { 0 0 1 0 0 0 0 } { 0 0 -1 0 0 1 1 } { 0 0 0 0 -1 0 1 } { 0 0 1 0 -1 -1 0 } }
exc8-1 { { 0 1 0 0 0 0 0 0 } { -1 0 1 0 0 0 0 0 } { 0 -1 0 -1 1 0 0 0 } { 0 0 1 0 0 0 0 0 } { 0 0 -1 0 0 1 0 -1 } { 0 0 0 0 -1 0 1 1 } { 0 0 0 0 0 -1 0 1 } { 0 0 0 0 1 -1 -1 0 } }
exc8-2 { { 0 1 0 0 0 0 0 0 } { -1 0 1 0 0 0 0 0 } { 0 -1 0 -1 1 0 0 -1 } { 0 0 1 0 0 0 0 0 } { 0 0 -1 0 0 1 0 1 } { 0 0 0  0 -1 0 1 0 } { 0 0 0 0 0 -1 0 1 } { 0 0 1 0 -1 0 -1 0 } }
exc9-3 { { 0 1 0 0 0 0 0 0 0 } { -1 0 1 0 0 0 0 0 0 } { 0 -1 0 -1 1 0 0 0 -1 } { 0 0 1 0 0 0 0 0 0 } { 0 0 -1 0 0 1 0 0 1 } { 0 0 0 0 -1 0 1 0 0 } { 0 0 0 0 0 -1 0 1 0 } { 0 0 0 0 0 0 -1 0 1 } { 0 0 1 0 -1 0 0 -1 0 } }
exc9-2 { { 0 1 0 0 0 0 0 0 0 } { -1 0 1 0 0 0 0 0 0 } { 0 -1 0 -1 1 0 0 0 0 } { 0 0 1 0 0 0 0 0 0 }  { 0 0 -1 0 0 1 0 0 -1 } { 0 0 0 0 -1 0 1 0 1 } { 0 0 0 0 0 -1 0 1 0 } { 0 0 0 0 0 0 -1 0 1 } { 0 0 0 0 1 -1 0 -1 0 } }
exc9-1 { { 0 1 0 0 0 0 0 0 0 } { -1 0 1 0 0 0 0 0 0 } { 0 -1 0 -1 1 0 0 0 0 } { 0 0 1 0 0 0 0 0 0 } { 0 0 -1 0 0 1 0 0 0 } { 0 0 0 0 -1 0 1 0 -1 } { 0 0 0 0 0 -1 0 1 1 } { 0 0 0 0 0 0 -1 0 1 } { 0 0 0 0 0 1 -1 -1 0 } }
exc10-1 { { 0 1 1 -1 0 0 0 0 0 0 } { -1 0 1 0 0 0 0 0 0 0 } { -1 -1 0 1 0 0 0 0 0 0 } { 1 0 -1 0 1 0 0 0 0 0 } { 0 0 0 -1 0 1 0 0 0 0 } { 0 0 0 0 -1 0 1 0 0 0 } { 0 0 0 0 0 -1 0 1 0 1 } { 0 0 0 0 0 0 -1 0 1 0 } { 0 0 0 0 0 0 0 -1 0 0 } { 0 0 0 0 0 0 -1 0 0 0 } }
exc10-2 { { 0 1 0 1 -1 0 0 0 0 0 } { -1 0 1 0 0 0 0 0 0 0 } { 0 -1 0 1 0 0 0 0 0 0 } { -1 0 -1 0 1 0 0 0 0 0 } { 1 0 0 -1 0 1 0 0 0 0 } { 0 0 0 0 -1 0 1 0 0 0 } { 0 0 0 0 0 -1 0 1 0 1 } { 0 0 0 0 0 0 -1 0 1 0 } { 0 0 0 0 0 0 0 -1 0 0 } { 0 0 0 0 0 0 -1 0 0 0 } }
exc10-3 { { 0 1 0 0 1 -1 0 0 0 0 } { -1 0 1 0 0 0 0 0 0 0 } { 0 -1 0 1 0 0 0 0 0 0 } { 0 0 -1 0 1 0 0 0 0 0 } { -1 0 0 -1 0 1 0 0 0 0 } { 1 0 0 0 -1 0 -1 0 0 0 } { 0 0 0 0 0 1 0 -1 0 -1 } { 0 0 0 0 0 0 1 0 1 0 } { 0 0 0 0 0 0 0 -1 0 0 } { 0 0 0 0 0 0 1 0 0 0 } }
exc10-4 { { 0 1 0 0 0 1 -1 0 0 0 } { -1 0 1 0 0 0 0 0 0 0 } { 0 -1 0 1 0 0 0 0 0 0 } { 0 0 -1 0 1 0 0 0 0 0 } { 0 0 0 -1 0 1 0 0 0 0 } { -1 0 0 0 -1 0 1 0 0 0 } { 1 0 0 0 0 -1 0 1 0 1 } { 0 0 0 0 0 0 -1 0 1 0 } { 0 0 0 0 0 0 0 -1 0 0 } { 0 0 0 0 0 0 -1 0 0 0 } }
