hcs4-1 { { 0 1 0 0 } { -1 0 1 1 } { 0 -1 0 1 } { 0 -1 -1 0 } }
hcs4-2 { { 0 1 1 -1 } { -1 0 -1 0 } { -1 1 0 -1 } { 1 0 1 0 } }
hcs4-2a { { 0 1 1 1 } { -1 0 -1 0 } { -1 1 0 -1 } { -1 0 1 0 } }
hcs4-3 { { 0 1 1 1 } { -1 0 -1 1 } { -1 1 0 1 } { -1 -1 -1 0 } }
hcs4-3a { { 0 1 1 -1 } { -1 0 -1 1 } { -1 1 0 1 } { 1 -1 -1 0 } }
hcs4-3b { { 0 1 1 1 } { -1 0 1 -1 } { -1 -1 0 1 } { -1 1 -1 0 } }
hcs5-1 { { 0 1 0 0 0 } { -1 0 1 0 1 } { 0 -1 0 1 0 } { 0 0 -1 0 1 } { 0 -1 0 -1 0 } }
hcs5-2 { { 0 1 0 1 0 } { -1 0 1 0 1 } { 0 -1 0 1 0 } { -1 0 -1 0 1 } { 0 -1 0 -1 0 } }
hcs5-1a { { 0 1 0 0 1 } { -1 0 1 0 0 } { 0 -1 0 1 -1 } { 0 0 -1 0 0 } { -1 0 1 0 0 } }
hcs5-2a { { 0 1 0 0 1 } { -1 0 1 1 0 } { 0 -1 0 0 -1 } { 0 -1 0 0 -1 } { -1 0 1 1 0 } }
hcs6-1 { { 0 1 1 1 1 1 } { -1 0 0 0 0 0 } { -1 0 0 0 0 0 } { -1 0 0 0 0 0 }  { -1 0 0 0 0 0 } { -1 0 0 0 0 0 } }
hcs6-2 { { 0 1 0 0 0 0 } { -1 0 1 0 0 0 } { 0 -1 0 1 1 1 } { 0 0 -1 0 0 0 } { 0 0 -1 0 0 0 } { 0 0 -1 0 0 0 } }
hcs6-3 { { 0 1 0 0 0 0 } { -1 0 1 0 0 1 } { 0 -1 0 -1 0 0 }  { 0 0 1 0 -1 0 } { 0 0 0 1 0 -1 } { 0 -1 0 0 1 0 } }
hcs6-3a { { 0 1 0 0 0 1 } { -1 0 1 0 0 0 } { 0 -1 0 1 0 0 }  { 0 0 -1 0 1 -1 } { 0 0 0 -1 0 0 } { -1 0 0 1 0 0 } }
hcs7-2 { { 0 1 0 0 0 0 0 } { -1 0 1 0 0 0 1 } { 0 -1 0 -1 0 0 0 } { 0 0 1 0 -1 0 0 } { 0 0 0 1 0 -1 0 } { 0 0 0 0 1 0 -1 } { 0 -1 0 0 0 1 0 } }
hcs7-1 { { 0 1 0 0 0 0 0 } { -1 0 1 0 0 0 0 } { 0 -1 0 1 1 0 0 } { 0 0 -1 0 0 0 0 } { 0 0 -1 0 0 1 1 } { 0 0 0 0 -1 0 0 } { 0 0 0 0 -1 0 0 } }
hcs7-2a { { 0 1 1 0 0 0 0 } { -1 0 0 -1 0 -1 0 } { -1 0 0 0 0 0 -1 } { 0 1 0 0 1 0 0 } { 0 0 0 -1 0 0 -1 } { 0 1 0 0 0 0 0 } { 0 0 1 0 1 0 0 } }
hcs7-2b { { 0 1 0 1 0 0 0 } { -1 0 1 0 0 0 0 } { 0 -1 0 0 -1 0 -1 } { -1 0 0 0 0 -1 0 } { 0 0 1 0 0 1 0 } { 0 0 0 1 -1 0 0 } { 0 0 1 0 0 0 0 } }
hcs8-1 { { 0 1 0 0 0 0 0 0 } { -1 0 1 0 0 0 0 0 } { 0 -1 0 1 0 0 0 0 } { 0 0 -1 0 1 0 1 0 } { 0 0 0 -1 0 1 0 0 } { 0 0 0 0 -1 0 0 0 } { 0 0 0 -1 0 0 0 1 } { 0 0 0 0 0 0 -1 0 } }
hcs8-2 { { 0 1 0 0 0 0 0 0 } { -1 0 1 0 0 0 0 0 } { 0 -1 0 1 1 0 0 0 } { 0 0 -1 0 0 0 0 0 } { 0 0 -1 0 0 1 0 0 } { 0 0 0 0 -1 0 1 1 } { 0 0 0 0 0 -1 0 0 } { 0 0 0 0 0 -1 0 0 } }
hcs8-3 { { 0 1 0 0 0 0 0 0 } { -1 0 1 0 0 0 0 1 } { 0 -1 0 -1 0 0 0 0 } { 0 0 1 0 -1 0 0 0 } { 0 0 0 1 0 -1 0 0 } { 0 0 0 0 1 0 -1 0 } { 0 0 0 0 0 1 0 -1 } { 0 -1 0 0 0 0 1 0 } }
hcs8-3a { { 0 1 0 1 0 0 0 0 } { -1 0 1 0 0 -1 0 0 } { 0 -1 0 0 0 0 0 0 } { -1 0 0 0 1 0 0 0 } { 0 0 0 -1 0 0 0 -1 } { 0 1 0 0 0 0 1 0 } { 0 0 0 0 0 -1 0 -1 } { 0 0 0 0 1 0 1 0 } }
hcs8-3b { { 0 1 0 0 0 0 0 1 } { -1 0 1 0 0 0 0 0 } { 0 -1 0 1 0 0 0 0 } { 0 0 -1 0 1 0 0 0 } { 0 0 0 -1 0 1 0 0 } { 0 0 0 0 -1 0 1 -1 } { 0 0 0 0 0 -1 0 0 } { -1 0 0 0 0 1 0 0 } }
hcs9-1 { { 0 1 0 0 0 0 0 0 0 } { -1 0 1 0 0 0 0 0 0 } { 0 -1 0 1 0 0 0 0 0 } { 0 0 -1 0 1 1 0 0 0 } { 0 0 0 -1 0 0 0 0 0 } { 0 0 0 -1 0 0 1 0 0 } { 0 0 0 0 0 -1 0 1 0 } { 0 0 0 0 0 0 -1 0 1 } { 0 0 0 0 0 0 0 -1 0 } }
hcs9-2 { { 0 1 0 0 0 0 0 0 0 } { -1 0 1 0 0 0 0 0 0 } { 0 -1 0 1 1 0 0 0 0 } { 0 0 -1 0 0 0 0 0 0 } { 0 0 -1 0 0 1 0 0 0 } { 0 0 0 0 -1 0 1 0 0 } { 0 0 0 0 0 -1 0 1 1 } { 0 0 0 0 0 0 -1 0 0 } { 0 0 0 0 0 0 -1 0 0 } }
hcs9-3 { { 0 1 0 0 0 0 0 0 0 } { -1 0 -1 0 0 0 0 0 1 } { 0 1 0 1 0 0 0 0 0 } { 0 0 -1 0 -1 0 0 0 0 } { 0 0 0 1 0 -1 0 0 0 } { 0 0 0 0 1 0 -1 0 0 } { 0 0 0 0 0 1 0 -1 0 } { 0 0 0 0 0 0 1 0 -1 } { 0 -1 0 0 0 0 0 1 0 } }
hcs9-3a { { 0 1 0 0 0 0 0 0 0 } { -1 0 1 0 0 0 0 0 1 } { 0 -1 0 1 0 0 0 0 0 } { 0 0 -1 0 1 0 0 0 0 } { 0 0 0 -1 0 1 0 0 0 } { 0 0 0 0 -1 0 1 0 0 } { 0 0 0 0 0 -1 0 1 0 } { 0 0 0 0 0 0 -1 0 -1 } { 0 -1 0 0 0 0 0 1 0 } }
hcs9-3b { { 0 1 0 0 0 0 0 0 0 } { -1 0 1 0 0 0 0 1 0 } { 0 -1 0 1 0 0 0 0 0 } { 0 0 -1 0 1 0 0 0 0 } { 0 0 0 -1 0 1 0 0 0 } { 0 0 0 0 -1 0 1 0 0 } { 0 0 0 0 0 -1 0 0 -1 } { 0 -1 0 0 0 0 0 0 1 } { 0 0 0 0 0 0 1 -1 0 } }
hcs9-3c { { 0 1 0 0 0 1 0 0 0 } { -1 0 1 0 0 0 0 0 -1 } { 0 -1 0 1 0 0 0 0 0 } { 0 0 -1 0 1 0 0 0 0 } { 0 0 0 -1 0 0 0 -1 0 } { -1 0 0 0 0 0 1 0 0 } { 0 0 0 0 0 -1 0 1 0 } { 0 0 0 0 1 0 -1 0 0 } { 0 1 0 0 0 0 0 0 0 } }
hcs10-1 { { 0 1 0 0 0 0 0 0 0 0 } { -1 0 -1 1 0 0 0 0 0 0 } { 0 1 0 0 0 0 0 0 0 0 } { 0 -1 0 0 1 0 0 0 0 0 } { 0 0 0 -1 0 1 0 0 0 0 } { 0 0 0 0 -1 0 1 0 0 0 } { 0 0 0 0 0 -1 0 1 1 0 } { 0 0 0 0 0 0 -1 0 0 0 } { 0 0 0 0 0 0 -1 0 0 1 } { 0 0 0 0 0 0 0 0 -1 0 } }
hcs10-2 { { 0 1 0 0 0 0 0 0 0 0 } { -1 0 1 0 0 0 0 0 0 0 } { 0 -1 0 1 0 0 0 0 0 0 } { 0 0 -1 0 1 0 0 0 0 0 } { 0 0 0 -1 0 1 0 0 0 0 } { 0 0 0 0 -1 0 1 0 0 0 } { 0 0 0 0 0 -1 0 1 1 0 } { 0 0 0 0 0 0 -1 0 0 0 } { 0 0 0 0 0 0 -1 0 0 1 } { 0 0 0 0 0 0 0 0 -1 0 } }
